834685,6686,3835,2817,2109,1680,1491,1268,1089,1002,971,803,778,717,625,631,564,527,471,476,477,463,393,414,387,397,335,316,334,320,285,320,298,289,296,262,244,228,233,244,228,228,172,220,237,199,215,193,165,183
824074,6720,3982,2774,2028,1717,1530,1277,1196,993,936,769,707,686,701,565,557,558,525,471,433,422,449,421,375,366,378,346,350,308,310,313,281,261,285,276,282,247,238,237,238,233,205,217,214,172,171,185,187,181
812991,6738,4043,2777,2090,1731,1467,1292,1087,1051,873,833,734,688,651,630,552,540,547,466,417,466,438,388,409,373,355,336,325,342,302,301,242,282,272,264,272,273,269,224,210,254,211,228,215,217,204,206,200,183
802279,6915,3903,2887,2205,1799,1525,1255,1159,993,930,830,761,688,654,640,605,543,576,508,499,405,453,406,363,396,375,331,347,322,313,295,287,282,282,260,286,246,275,278,220,214,243,213,216,225,219,215,200,184
791070,7033,4057,2943,2268,1751,1565,1343,1102,1028,935,822,809,726,641,662,589,543,509,476,449,475,389,418,391,427,355,342,345,310,289,302,286,293,276,269,274,270,260,211,249,239,198,217,217,200,174,176,183,190
780338,6887,4121,2771,2197,1801,1539,1265,1126,1021,964,889,798,723,693,643,592,581,521,531,484,486,436,437,372,356,382,339,339,335,345,302,271,272,307,262,259,270,264,222,217,253,221,229,212,205,225,233,169,201
769612,7135,3992,2934,2261,1774,1556,1320,1137,1031,923,879,811,692,712,668,626,526,539,503,486,472,461,394,353,385,387,336,355,329,298,306,332,298,298,260,268,271,267,259,231,245,249,240,234,226,217,207,212,202
758713,7013,4115,2889,2230,1793,1557,1345,1203,1044,920,898,771,728,684,630,588,544,546,505,497,462,411,382,393,401,357,332,322,332,316,312,326,286,290,259,227,257,245,231,236,229,228,216,196,211,220,199,194,212
747173,6912,4085,2917,2258,1772,1486,1390,1224,1043,972,854,821,772,684,670,635,565,488,498,486,474,435,434,375,361,373,372,332,338,351,287,307,289,313,308,266,292,271,248,255,246,235,209,226,213,205,230,246,206
735867,7027,4077,2915,2248,1873,1601,1345,1154,1076,979,885,779,769,726,665,613,629,588,515,495,530,444,411,423,389,400,362,325,338,335,337,303,337,272,260,293,231,249,242,252,257,243,257,216,202,222,187,212,183
725695,7021,4130,2960,2275,1832,1521,1334,1171,1048,969,866,852,736,705,693,616,593,556,507,520,442,431,447,421,403,377,340,343,351,357,313,290,305,272,273,289,248,263,241,270,271,228,236,231,229,243,213,198,209
713387,6900,4092,2884,2338,1929,1580,1317,1164,1046,966,904,801,747,670,647,626,552,550,523,497,492,429,423,378,372,388,389,323,366,379,326,313,323,290,287,258,283,248,253,280,240,223,217,210,249,236,194,202,230
761207,7035,4107,2852,2244,1794,1546,1286,1179,1072,924,825,813,754,690,646,585,564,559,490,462,434,452,434,426,409,372,368,330,307,334,289,308,272,287,261,313,272,274,239,250,239,234,228,213,226,212,243,192,212
750121,6966,4124,2830,2275,1848,1558,1337,1180,1064,971,895,828,750,691,599,610,606,502,526,489,480,429,421,423,398,389,392,376,328,308,306,319,299,324,264,272,236,287,268,254,246,197,249,222,194,199,209,231,179
739409,7075,4223,2882,2239,1859,1573,1263,1200,1044,938,857,810,774,645,658,643,578,495,506,503,432,432,463,406,388,344,359,311,371,318,358,319,300,259,274,259,260,250,262,244,255,218,213,240,213,222,195,198,191
727548,7188,4086,2977,2231,1917,1510,1272,1152,1071,955,832,806,764,724,650,580,551,547,524,532,460,415,421,430,381,380,379,339,360,370,294,322,332,329,265,272,263,269,259,239,248,226,235,215,214,220,220,194,197
716013,7478,4296,2973,2259,1837,1582,1348,1242,1122,942,853,813,723,683,717,673,599,588,476,457,492,449,449,378,447,368,374,337,344,326,326,298,324,289,256,277,238,234,269,212,247,244,220,206,231,213,212,198,187
702281,8572,4705,3176,2424,1980,1633,1422,1227,1091,1039,902,858,806,722,676,587,579,589,527,506,470,452,443,431,413,399,380,368,340,296,307,305,332,275,293,260,286,254,242,264,238,238,238,246,243,204,210,242,199
684904,11993,5665,3689,2734,2202,1720,1527,1292,1211,1099,873,871,797,736,665,683,619,583,567,506,490,459,485,440,400,357,379,352,380,363,339,337,297,335,284,290,269,283,263,276,252,242,206,236,237,235,219,210,241
655030,20263,8900,5419,3697,2836,2244,1884,1473,1367,1230,1112,943,902,874,796,717,624,634,585,543,543,497,472,477,478,400,450,394,380,369,320,346,317,343,324,295,278,258,290,264,269,248,231,250,224,188,217,226,231
604243,36604,15779,9045,6260,4586,3694,2886,2377,1966,1773,1531,1371,1288,1129,1076,954,903,830,808,685,636,632,593,563,532,504,482,507,409,412,432,388,375,395,342,359,303,307,310,270,298,279,280,268,277,279,235,250,197
512112,62639,28726,16728,11273,8193,6594,5081,4229,3500,2928,2676,2336,2106,1795,1667,1534,1375,1351,1160,1096,1070,933,872,842,745,768,712,659,610,644,575,580,582,492,501,497,482,422,427,384,402,411,364,366,349,311,332,339,330
376178,90571,45395,28279,19729,14767,11644,9241,7643,6480,5546,4854,4301,3798,3343,3115,2902,2525,2280,2063,1901,1854,1819,1581,1494,1397,1338,1299,1198,1126,1007,1006,923,906,912,825,806,771,741,691,677,678,648,636,577,579,548,548,499,499
218195,100931,58074,39316,28820,22349,17850,14845,12404,10949,9339,8067,7355,6525,5782,5302,4833,4438,4119,3920,3614,3308,3061,2890,2608,2548,2360,2236,2129,2077,1949,1843,1819,1628,1657,1571,1451,1403,1330,1322,1284,1159,1152,1111,1125,1069,985,1006,951,900
730726,7100,4157,2902,2228,1809,1562,1402,1239,1056,919,905,826,732,704,656,644,587,548,473,467,437,400,418,409,404,409,372,332,296,327,321,325,274,278,298,279,221,251,258,259,239,227,222,214,217,208,203,191,210
720652,7120,4177,2919,2267,1833,1655,1374,1233,1108,976,870,786,733,697,647,631,536,540,524,469,460,438,460,445,401,375,368,321,338,325,329,319,311,279,289,270,274,252,262,234,272,258,238,219,215,228,241,193,215
708934,7320,4259,2923,2359,1840,1487,1337,1190,1002,954,884,805,775,714,662,598,574,541,554,507,486,453,465,406,409,368,350,371,365,315,307,320,283,311,273,283,269,239,261,221,228,227,246,214,209,239,215,229,206
696498,8006,4400,3008,2408,1881,1635,1355,1232,1139,942,860,837,780,733,682,611,556,582,499,518,452,456,411,408,402,402,367,343,394,371,339,324,309,293,298,302,266,252,255,247,255,251,241,226,227,215,236,203,204
679031,12145,5429,3438,2509,1988,1650,1397,1295,1117,952,864,848,832,707,629,635,561,551,565,496,451,461,474,415,382,352,371,361,342,364,300,306,293,297,293,282,281,280,253,256,220,243,243,235,240,185,245,188,198
642583,26684,9966,5522,3821,2696,2174,1801,1456,1274,1181,990,850,824,765,733,688,585,576,539,561,468,470,440,426,409,423,400,378,363,336,311,312,302,297,276,291,250,277,257,251,250,266,221,224,206,216,213,220,199
558998,59531,23784,12815,8055,5669,4211,3194,2647,2250,1782,1558,1394,1280,1098,1039,863,896,792,714,670,610,574,533,540,498,437,460,421,454,402,386,398,339,340,316,308,310,281,294,287,267,257,281,236,239,236,232,216,238
415923,97286,46430,27620,18531,13259,9911,7632,6121,5097,4212,3577,3146,2698,2394,2079,1912,1641,1507,1422,1318,1157,1071,956,898,834,814,784,681,663,682,574,535,542,536,498,480,461,438,403,403,374,380,368,340,331,339,305,351,296
244070,108296,63756,42525,30951,23565,18642,15071,12364,10710,9292,7872,7060,6143,5380,4776,4401,3943,3595,3228,3001,2828,2529,2330,2257,2063,1925,1809,1766,1577,1480,1364,1377,1227,1198,1130,1105,1015,954,904,870,850,749,797,805,724,670,641,641,642
105975,80181,57527,44011,35094,29277,24356,20836,18280,16000,14257,12703,11362,10350,9368,8555,7980,7226,6664,6153,5761,5330,5040,4720,4563,4192,3938,3768,3567,3372,3190,3141,2829,2749,2763,2554,2329,2343,2123,2143,2000,1933,1820,1856,1854,1714,1626,1539,1432,1440
32847,38538,34283,29899,26365,23402,21163,19038,17683,16146,14644,13566,12634,11761,11110,10333,9767,9101,8531,8110,7877,7050,7029,6552,6292,6095,5836,5649,5280,5091,4818,4740,4462,4418,4208,4041,3842,3690,3725,3612,3420,3357,3212,3089,3040,2997,2835,2735,2566,2618
7014,12356,13229,13544,12963,12354,11834,11557,10985,10525,10038,9663,9234,8787,8345,8039,7769,7439,7460,7161,6847,6556,6357,6143,5947,5837,5664,5501,5389,5135,5000,4816,4682,4668,4467,4413,4329,4229,4125,3949,3950,3770,3746,3678,3596,3470,3419,3311,3197,3215
731160,7305,4149,2895,2189,1773,1536,1410,1148,1051,947,903,823,745,705,635,626,562,566,499,455,464,466,409,400,388,378,361,327,384,336,302,283,275,281,308,286,284,259,233,242,257,233,222,246,241,201,224,213,185
717745,8814,4565,3052,2425,1940,1568,1395,1249,1084,993,881,837,756,698,668,600,548,549,493,448,458,421,435,405,397,362,366,371,349,294,316,286,316,287,303,292,246,272,247,251,249,240,226,242,205,217,216,162,203
698810,12661,6057,3858,2704,2173,1737,1444,1281,1140,1004,918,869,768,734,680,634,607,562,492,483,488,455,459,433,427,355,385,367,370,353,321,332,311,291,285,320,285,273,246,262,249,236,226,202,210,235,218,217,192
669792,19997,9300,5689,3915,3026,2328,2007,1657,1453,1232,1152,1002,894,835,742,740,692,608,558,545,553,521,436,445,416,417,414,424,362,358,319,316,319,318,299,289,281,254,275,260,266,233,245,215,230,209,208,212,200
624199,30894,14697,9209,6298,4786,3737,3036,2551,2185,1854,1651,1520,1304,1246,1075,985,907,897,794,721,692,611,614,604,529,519,479,471,468,395,409,369,392,358,331,345,353,322,292,284,308,306,299,263,273,252,278,245,233
560136,42661,21414,13764,9518,7296,5946,4815,3933,3394,3011,2628,2318,2018,1909,1752,1575,1531,1344,1240,1159,1117,969,919,861,864,819,791,729,724,660,645,590,576,578,524,502,500,442,447,455,446,405,428,405,367,358,363,346,347
478290,53859,28412,18678,13705,10530,8577,7054,6055,5142,4623,3919,3625,3256,2940,2715,2422,2272,2079,1923,1841,1708,1627,1432,1364,1371,1285,1206,1112,1032,998,977,1003,955,879,792,814,772,763,700,706,689,678,681,572,608,540,539,535,515
383841,60038,33673,22992,17260,13609,10986,9338,8044,7006,6087,5580,4937,4509,4130,3896,3511,3184,3001,2813,2692,2612,2260,2199,2085,2029,1857,1845,1676,1599,1532,1499,1441,1374,1345,1284,1208,1134,1200,1060,1031,1046,987,964,888,922,916,843,783,830
287204,61222,36063,25277,19457,15501,12920,11213,9475,8456,7534,6881,6130,5771,5249,4906,4555,4249,3910,3661,3415,3206,3178,2936,2793,2690,2554,2464,2342,2230,2130,2030,2022,1912,1897,1728,1762,1663,1612,1550,1515,1435,1394,1352,1322,1374,1277,1179,1165,1111
195357,55945,34990,25325,19918,16126,13604,12001,10447,9511,8427,7671,6947,6430,5978,5470,5228,4753,4591,4252,4032,3977,3722,3547,3393,3220,3094,3043,2858,2717,2659,2486,2331,2407,2357,2130,2127,2122,2032,1968,1965,1941,1805,1768,1676,1540,1621,1625,1586,1519
119577,46023,30467,22277,18143,15310,12998,11590,10256,9276,8394,7580,7110,6563,6037,5809,5361,5166,4870,4545,4336,4109,3967,3824,3677,3621,3440,3243,3254,3060,2891,2659,2680,2607,2493,2407,2355,2352,2259,2152,2203,2027,2035,1973,1889,1934,1887,1850,1809,1739
63901,32905,23010,18157,14869,12652,11234,9867,9007,8225,7401,6916,6423,5988,5578,5518,5009,4704,4630,4378,4087,3970,3789,3649,3555,3509,3224,3145,3059,2958,2902,2887,2725,2759,2513,2455,2486,2267,2308,2311,2197,2113,2077,2006,1965,1923,1896,1859,1867,1846
792501,6770,4075,2915,2197,1813,1508,1341,1149,1016,865,869,734,730,669,562,601,577,558,494,440,466,411,398,439,395,381,349,335,333,312,279,280,303,271,268,241,255,260,247,235,237,218,218,214,222,226,184,207,190
780458,6945,4039,2812,2232,1785,1551,1297,1162,1093,955,814,812,683,704,642,596,553,518,525,485,476,450,429,388,368,356,351,316,347,333,284,324,280,299,260,264,222,265,209,245,232,205,219,239,215,215,228,183,242
769883,6949,4044,2930,2231,1753,1560,1311,1195,1036,950,850,777,722,706,640,604,590,539,480,495,425,455,397,376,371,358,350,375,361,322,306,305,286,287,275,258,273,263,232,218,254,244,238,199,211,208,209,198,218
757872,6947,4101,2898,2191,1815,1508,1325,1226,1024,962,890,804,729,662,641,576,578,567,504,451,484,416,400,417,368,378,395,326,338,344,315,324,281,262,293,268,295,244,243,256,237,238,241,197,206,216,209,204,219
747416,7013,4145,2976,2299,1820,1553,1322,1192,1065,939,858,809,739,690,649,640,550,542,504,493,451,465,422,372,438,376,344,331,358,316,306,329,317,284,286,299,267,283,213,280,223,224,259,225,235,205,217,174,191
736404,6945,4131,2964,2357,1833,1560,1324,1232,1000,1003,861,784,728,658,686,599,593,560,505,496,455,454,403,400,374,371,349,341,320,357,282,334,298,282,284,274,260,264,243,260,210,223,232,221,220,212,186,217,189
724431,7290,4176,2978,2324,1802,1533,1326,1216,1084,985,864,840,744,682,686,624,536,570,499,529,454,461,413,423,396,376,374,366,345,312,345,333,310,283,281,282,270,258,233,216,242,232,228,215,216,185,212,211,196
713639,7755,4391,3134,2279,1904,1630,1429,1106,1098,987,934,851,760,690,647,627,581,583,534,529,420,487,434,401,404,364,363,315,339,343,314,314,308,292,317,272,297,227,260,250,244,236,221,225,231,200,212,181,204
698513,9276,4923,3293,2524,1989,1665,1468,1254,1035,980,946,809,773,701,661,663,603,555,519,458,476,446,449,463,399,368,318,359,354,326,293,306,308,345,278,253,271,279,255,223,261,229,218,220,206,208,207,208,203
678319,13525,6288,4026,3062,2336,1896,1573,1444,1255,1119,1017,852,841,761,738,662,615,571,546,484,505,461,449,456,402,401,402,376,343,345,331,324,366,295,247,300,253,254,255,241,242,234,244,224,216,226,215,228,177
645796,22460,10004,5944,4218,3178,2457,2155,1744,1542,1349,1205,1162,974,905,768,791,753,684,667,564,584,496,543,505,467,445,471,425,368,362,410,366,310,325,297,302,312,309,298,279,280,243,244,248,256,239,246,223,210
589426,39822,17424,10144,7027,5047,4070,3223,2642,2356,1990,1725,1573,1410,1248,1131,1117,1055,877,786,798,759,709,684,598,613,577,496,519,466,449,428,419,414,389,414,359,352,370,319,313,303,260,279,282,279,284,309,261,253
1000000,0,0,0,0,0,0,0,0,0,0,0,0,0,0,0,0,0,0,0,0,0,0,0,0,0,0,0,0,0,0,0,0,0,0,0,0,0,0,0,0,0,0,0,0,0,0,0,0,0
1000000,0,0,0,0,0,0,0,0,0,0,0,0,0,0,0,0,0,0,0,0,0,0,0,0,0,0,0,0,0,0,0,0,0,0,0,0,0,0,0,0,0,0,0,0,0,0,0,0,0
1000000,0,0,0,0,0,0,0,0,0,0,0,0,0,0,0,0,0,0,0,0,0,0,0,0,0,0,0,0,0,0,0,0,0,0,0,0,0,0,0,0,0,0,0,0,0,0,0,0,0
993103,6476,421,0,0,0,0,0,0,0,0,0,0,0,0,0,0,0,0,0,0,0,0,0,0,0,0,0,0,0,0,0,0,0,0,0,0,0,0,0,0,0,0,0,0,0,0,0,0,0
965368,21734,6107,4242,1355,776,418,0,0,0,0,0,0,0,0,0,0,0,0,0,0,0,0,0,0,0,0,0,0,0,0,0,0,0,0,0,0,0,0,0,0,0,0,0,0,0,0,0,0,0
877208,64954,22981,11060,6562,4078,2785,2028,1458,2653,873,706,558,466,382,316,278,234,207,166,47,0,0,0,0,0,0,0,0,0,0,0,0,0,0,0,0,0,0,0,0,0,0,0,0,0,0,0,0,0
695018,127010,55707,31446,19626,13739,9772,7364,5711,4512,3572,3021,2457,2146,1851,1551,1381,1222,1023,913,824,650,628,558,553,484,449,1978,391,355,297,281,238,257,220,222,187,159,189,150,136,133,131,128,110,132,101,118,84,84
441923,163549,89312,57156,39843,29876,22816,18125,15073,12379,10302,8743,7441,6677,5820,5041,4534,3880,3554,3186,2908,2648,2463,2262,2092,1897,1785,1572,1555,1406,1291,1240,1146,1121,1001,956,875,820,777,795,698,683,702,607,603,522,528,473,478,425
211867,136912,92965,68110,52861,42239,34790,29319,24995,21649,18941,16826,14779,13423,11941,10915,9902,8947,8365,7768,7063,6640,6130,5766,5259,4910,4616,4348,3981,3929,3603,3336,3295,3093,2890,2774,2723,2458,2374,2315,2213,2036,1985,1868,1834,1705,1743,1592,1539,1460
72946,76317,62922,52685,45240,39337,34616,30720,27431,24761,22699,20606,19128,17491,16228,14947,14177,13282,12282,11578,10873,10284,9730,9383,8747,8176,7705,7488,7054,6749,6575,6388,5978,5699,5634,5414,5163,5018,4897,4581,4370,4324,4071,3966,3802,3790,3696,3470,3401,3344
17678,27773,28517,26925,25535,23939,22276,20858,19824,18955,17720,16604,15802,15079,14166,13471,13065,12409,11932,11443,11044,10629,10155,10064,9676,9252,8822,8546,8169,7993,7967,7353,7413,7083,6838,6739,6347,6234,6119,5903,5774,5779,5613,5561,5291,5193,4874,4941,4786,4770
994532,2674,943,483,268,183,127,103,69,47,37,48,40,34,34,19,16,20,24,13,13,14,14,12,6,4,12,7,7,2,12,3,9,3,5,5,2,1,3,5,2,5,5,3,4,4,1,4,3,4
991865,4064,1332,685,402,265,210,156,120,104,70,53,61,45,40,31,41,24,23,21,32,21,5,14,10,9,6,9,16,3,10,15,7,2,6,5,5,7,2,2,6,3,4,3,1,4,3,3,4,2
983496,8110,2690,1399,892,591,409,301,253,213,176,120,98,88,97,65,55,50,52,48,36,36,35,27,25,22,20,24,6,22,21,21,20,12,11,10,10,17,8,18,9,10,8,9,9,5,6,11,7,5
961289,18312,6563,3397,2102,1440,934,754,570,472,359,322,259,218,191,168,155,152,127,110,100,90,75,70,75,74,67,63,48,53,49,33,30,36,40,24,31,23,29,24,27,19,24,22,17,25,15,18,25,21
909131,39070,15512,8383,5092,3582,2652,2017,1606,1207,1065,892,765,628,548,488,418,395,341,332,285,270,243,228,185,185,173,138,157,134,125,102,110,106,97,96,81,83,76,63,59,63,71,59,60,66,71,51,60,53
808025,71696,31572,18041,11587,8249,6364,4773,3919,3110,2643,2352,1922,1765,1493,1314,1151,1067,971,822,778,733,617,577,536,495,478,472,420,372,366,333,325,303,285,247,252,234,240,219,215,203,202,188,191,172,157,179,161,138
649221,106658,52427,32534,22683,16572,12856,10001,8549,6956,5935,5074,4329,4001,3460,3024,2723,2576,2262,2126,1867,1734,1650,1443,1398,1326,1217,1117,1065,925,946,875,856,761,743,706,706,678,603,599,556,550,517,498,470,469,418,436,390,379
456118,125027,69979,46149,34094,26146,20952,17096,14294,12353,10482,9454,8333,7435,6564,5946,5294,4915,4545,4183,3834,3596,3320,3090,3010,2661,2612,2474,2454,2132,2067,1936,1767,1746,1605,1606,1500,1398,1464,1365,1349,1233,1229,1151,1129,1094,1026,988,959,946
271198,111906,72245,52143,40176,32613,26843,23105,19958,17410,15375,13783,12467,11107,10172,9334,8728,8017,7696,6941,6606,6105,5745,5399,5121,4845,4564,4270,4187,3920,3719,3540,3359,3207,3077,2943,2856,2718,2629,2584,2455,2448,2370,2132,2177,2151,2032,1931,1890,1810
136469,78299,56657,44643,36538,31193,27148,23612,21175,18849,17324,15634,14262,13319,12352,11509,10882,10267,9733,8869,8454,7984,7608,7384,6871,6525,6412,6097,5802,5536,5092,5074,5135,4772,4685,4443,4260,4150,3946,3763,3825,3681,3432,3365,3256,3211,3259,3203,2917,2919
58117,43493,35442,29745,25913,22658,20549,18716,17177,15810,14972,13896,13033,12262,11486,10732,10334,9705,9346,8887,8456,8025,7867,7628,7183,7123,6763,6507,6319,6120,5837,5765,5630,5488,5296,5058,4795,4910,4828,4544,4478,4218,4248,4153,3919,3924,3737,3697,3678,3556
21287,19477,17411,15839,14471,13403,12603,11784,10913,10446,9922,9510,9041,8431,8322,7972,7718,7211,7172,6880,6614,6481,6297,5865,5819,5657,5594,5433,5409,5099,5095,4902,4867,4744,4562,4573,4373,4316,4265,4270,4030,3994,3906,3849,3859,3796,3590,3576,3493,3493
306802,72809,45211,32322,25510,20674,17748,15217,13414,11776,10677,9550,9027,8268,7595,7025,6721,6144,5865,5578,5335,5011,4642,4395,4218,4093,3967,3827,3588,3592,3265,3155,3031,3033,2935,2761,2609,2522,2546,2430,2490,2334,2268,2238,2161,2137,2093,2033,1963,1880
254075,67018,42388,31452,24575,20323,17663,15227,13465,12138,10895,9754,9098,8283,7794,7173,6873,6445,6046,5726,5386,5169,4853,4685,4676,4396,4134,3974,3869,3670,3559,3531,3400,3178,3098,3010,2871,2830,2718,2712,2555,2548,2435,2374,2312,2314,2099,2122,2152,2041
207034,60862,39232,29341,23664,19609,16832,14707,13186,11836,10761,9922,9112,8354,7667,7531,7058,6489,6212,5730,5561,5302,4988,4824,4727,4438,4236,4148,4017,3807,3657,3561,3422,3356,3267,3222,3188,2946,2863,2756,2753,2681,2518,2470,2436,2441,2312,2302,2195,2199
167256,53602,35423,26751,21508,18131,15853,14088,12308,11353,10199,9444,8815,7991,7656,6991,6576,6231,6087,5786,5495,5180,4895,4705,4630,4499,4163,4146,3959,3938,3753,3548,3471,3399,3203,3137,3149,2938,2924,2917,2746,2701,2608,2570,2558,2453,2472,2359,2230,2230
133308,46364,31250,24324,19602,16537,14517,12904,11788,10317,9638,9042,8267,7852,7189,6774,6469,6067,5909,5608,5312,5130,4856,4516,4412,4320,4176,4026,3857,3632,3550,3512,3421,3347,3257,3195,2969,2932,2973,2809,2769,2675,2640,2557,2563,2427,2461,2321,2256,2217
106487,39325,27236,21247,17555,14768,13058,11597,10474,9639,8773,8122,7655,7083,6710,6265,6037,5714,5479,5182,4937,4714,4476,4328,4186,4123,3872,3850,3717,3654,3527,3279,3341,3197,3051,2854,2914,2869,2829,2774,2533,2534,2499,2412,2406,2433,2327,2273,2257,2185
83777,33103,23071,18304,15242,13097,11575,10399,9386,8585,7881,7405,6985,6549,6067,5747,5527,5301,4952,4614,4565,4321,4299,4103,3856,3686,3673,3486,3439,3455,3194,3115,3045,3073,2896,2875,2724,2663,2667,2569,2566,2497,2406,2290,2318,2230,2268,2206,2172,2122
65615,27721,19635,15639,13154,11121,10044,9037,8198,7561,7138,6433,6025,5721,5438,5245,4857,4635,4404,4244,4144,3960,3762,3766,3551,3464,3329,3273,3085,2979,2901,2927,2743,2799,2664,2520,2546,2453,2379,2380,2336,2243,2200,2236,2203,2064,2074,2052,1983,1947
51932,22724,16301,12789,10993,9658,8638,7675,7074,6523,6152,5590,5264,5019,4712,4467,4252,4048,4013,3754,3668,3507,3302,3280,3172,3073,2945,2896,2847,2707,2638,2601,2486,2506,2431,2388,2233,2200,2203,2102,2097,2088,2060,1968,1900,1962,1811,1811,1773,1753
40729,18588,13638,11011,9143,7968,7477,6515,6056,5573,5143,4839,4654,4396,4153,3954,3806,3522,3442,3297,3289,3024,3021,2877,2863,2762,2708,2614,2503,2338,2414,2255,2257,2275,2058,2067,2053,2008,1939,1822,1851,1807,1829,1779,1717,1647,1683,1677,1643,1621
32880,14945,11035,9125,7759,6794,6117,5522,5245,4687,4372,4169,3978,3810,3524,3420,3207,3094,2999,2904,2685,2634,2547,2633,2398,2397,2308,2258,2154,2078,2082,1987,1997,1946,1889,1854,1835,1738,1651,1693,1679,1621,1569,1557,1559,1530,1473,1488,1468,1476
26342,12408,9225,7606,6503,5884,5068,4693,4251,4081,3774,3538,3331,3124,3004,2912,2843,2628,2550,2422,2394,2366,2225,2173,2100,2131,2039,1949,1904,1814,1792,1670,1764,1705,1695,1555,1572,1495,1533,1420,1448,1439,1408,1378,1378,1358,1329,1248,1285,1258
403807,37274,21929,15548,12086,9898,8561,7357,6381,5627,5142,4749,4312,4171,3886,3528,3277,3125,2850,2717,2604,2567,2421,2347,2234,2104,2029,2028,1924,1801,1863,1631,1640,1679,1544,1541,1458,1470,1450,1374,1361,1313,1268,1226,1212,1218,1197,1185,1160,1168
374286,37649,22042,15644,12042,10055,8420,7171,6299,5734,5051,4815,4306,4059,3762,3520,3375,3075,2981,2787,2563,2438,2296,2300,2287,2201,2052,1951,1865,1847,1803,1704,1654,1576,1536,1535,1481,1515,1461,1323,1284,1295,1254,1288,1172,1220,1157,1093,1088,1108
344377,37746,22061,15629,12059,9906,8373,7250,6410,5788,5163,4710,4479,3954,3881,3462,3228,3051,3003,2774,2673,2455,2374,2270,2218,2142,2054,1948,1879,1805,1777,1780,1569,1627,1587,1542,1481,1455,1393,1448,1351,1369,1200,1292,1192,1159,1179,1080,1165,1072
314101,37424,22054,15828,12173,9789,8287,7311,6489,5867,5155,4717,4373,4099,3673,3543,3342,3026,2940,2830,2598,2559,2458,2326,2222,2218,2077,1947,1918,1824,1785,1762,1710,1609,1548,1545,1531,1393,1449,1408,1373,1272,1239,1321,1210,1215,1135,1167,1117,1073
284818,37433,22021,15467,12134,9752,8400,7254,6319,5674,5171,4671,4288,4024,3636,3524,3295,3109,2983,2737,2615,2620,2414,2423,2214,2174,2065,1911,1902,1897,1763,1712,1672,1736,1602,1513,1532,1391,1408,1457,1349,1294,1239,1252,1162,1192,1126,1086,1113,1113
255982,36985,21840,15569,12180,9938,8460,7257,6336,5654,5216,4697,4286,4035,3715,3467,3293,3106,2898,2683,2604,2567,2488,2294,2208,2212,2097,1980,1830,1884,1812,1728,1633,1590,1554,1555,1508,1481,1399,1361,1409,1278,1244,1275,1174,1172,1235,1047,1141,1062
227457,36180,21664,15362,12017,9890,8209,7273,6358,5795,5277,4755,4404,4077,3643,3622,3271,3134,2833,2863,2678,2511,2470,2289,2262,2185,2006,1931,1892,1835,1817,1761,1672,1625,1639,1459,1488,1419,1415,1413,1348,1262,1268,1280,1248,1172,1122,1169,1084,1036
201301,34497,20843,14981,11743,9779,8369,7043,6283,5599,5148,4723,4219,4012,3690,3577,3167,3167,2908,2847,2753,2548,2372,2223,2234,2142,2066,1904,1869,1894,1675,1636,1732,1580,1629,1566,1464,1477,1455,1365,1356,1267,1320,1196,1212,1249,1160,1147,1088,1076
178914,32135,19504,14261,11103,9212,8136,6856,5993,5418,4933,4610,4283,4035,3684,3458,3270,3023,2874,2850,2713,2437,2298,2280,2181,2098,1972,1993,1871,1859,1717,1705,1684,1702,1511,1513,1526,1476,1443,1376,1369,1286,1218,1245,1150,1270,1195,1117,1140,1010
159289,29148,18333,13316,10738,8876,7474,6540,5790,5290,4808,4336,4050,3778,3526,3284,3081,2953,2745,2698,2590,2374,2351,2240,2094,2065,1930,1958,1872,1794,1784,1716,1635,1574,1577,1495,1466,1425,1346,1339,1293,1312,1236,1129,1164,1161,1124,1089,1094,1003
143901,26814,16710,12216,9681,8188,7056,6154,5422,5048,4483,4222,3845,3656,3361,3126,2908,2778,2651,2591,2390,2338,2210,2111,2130,1965,1918,1752,1793,1657,1686,1615,1627,1531,1471,1469,1475,1350,1329,1231,1229,1199,1196,1170,1131,1132,1138,1061,1078,1034
130489,24320,15066,11370,8887,7525,6426,5719,5081,4596,4195,3943,3573,3323,3215,2912,2717,2558,2505,2388,2210,2189,2061,2023,1841,1834,1692,1739,1661,1644,1533,1461,1452,1459,1417,1333,1316,1308,1303,1261,1179,1161,1166,1164,1094,1050,1043,1069,1035,1048
997782,1118,379,175,108,78,52,39,31,17,23,16,11,15,16,12,7,5,7,3,3,3,0,4,4,2,5,2,3,2,0,2,3,2,2,0,2,1,2,1,0,2,1,2,1,2,1,1,1,2
995576,2192,733,354,224,133,126,78,64,60,44,44,28,23,29,15,16,15,9,9,8,10,13,5,7,11,9,4,3,3,1,8,9,7,3,5,3,4,3,3,2,0,1,2,5,6,4,1,3,2
988882,5635,1856,889,559,361,243,205,164,138,99,85,64,59,47,35,42,34,33,32,27,17,17,20,19,14,15,12,16,18,5,13,10,8,11,7,10,5,10,4,7,6,5,7,5,9,7,2,2,5
969253,15098,5196,2636,1537,1058,729,587,466,326,294,233,189,156,146,131,125,105,88,85,71,62,65,50,55,53,58,32,40,27,33,32,31,26,26,24,32,18,24,18,24,18,18,17,20,12,22,16,5,11
920798,35674,13556,7131,4502,2977,2247,1592,1309,985,856,721,554,480,447,389,326,294,264,261,211,212,185,174,145,148,113,106,130,108,116,90,98,85,70,77,63,70,70,67,51,53,47,62,42,44,30,47,34,38
821393,70478,29799,16729,10993,7503,5508,4398,3418,2828,2376,1935,1704,1508,1306,1135,998,869,787,726,643,627,529,513,433,430,360,346,326,330,286,273,239,244,229,195,191,169,216,182,158,168,141,140,138,150,132,126,104,112
657744,110332,53317,32463,21893,16006,12193,9806,7725,6468,5390,4664,4160,3643,3154,2917,2495,2336,2148,1918,1689,1540,1426,1308,1234,1139,1043,974,940,890,856,807,723,751,680,612,595,539,526,572,488,486,420,461,420,388,381,367,385,319
453025,131651,73123,48410,34952,26973,21652,17678,14518,12458,10577,9169,8184,7206,6629,5774,5212,4839,4475,4031,3669,3513,3162,2986,2775,2617,2454,2270,2186,2134,1898,1750,1747,1631,1624,1469,1419,1405,1318,1245,1179,1109,1128,1055,980,962,970,898,878,826
262074,116383,75378,54472,42344,34242,28335,24228,20695,18226,16069,14160,12981,11703,10608,9603,8944,8226,7637,7098,6558,6215,5847,5472,5124,4849,4470,4361,4175,3907,3698,3503,3414,3101,3047,2956,2879,2790,2612,2450,2451,2352,2215,2172,2053,2017,2036,1832,1822,1751
125422,78119,57453,46176,37783,32506,28262,24998,22125,20202,18332,16458,15148,14097,12860,12088,11469,10572,10241,9745,9100,8432,8004,7694,7215,6813,6422,6242,5952,5797,5531,5347,5248,4965,4869,4558,4509,4201,4171,4074,3931,3743,3689,3570,3458,3343,3217,3097,3098,2962
50602,41262,33751,29263,25871,23455,21099,19096,17439,16327,15247,14463,13530,12779,11819,11255,10723,10432,9853,9469,8993,8797,8207,7941,7591,7450,7067,6972,6695,6520,6402,6064,6033,5775,5577,5311,5329,5041,4892,4693,4768,4529,4413,4436,4225,4051,4022,3942,3822,3785
17428,17325,16250,15073,13648,12732,11842,11482,10752,10203,9812,9455,8879,8633,8334,8007,7756,7387,7324,6862,6791,6649,6365,6325,5913,5890,5822,5586,5537,5337,5235,5079,5008,4993,4847,4642,4488,4433,4457,4388,4177,4147,4063,3927,3944,3745,3744,3718,3574,3579
835369,6392,3888,2729,2121,1676,1447,1275,1162,1055,860,778,747,700,660,582,599,511,467,479,467,428,414,401,392,351,370,330,381,323,296,280,292,284,275,242,253,230,252,237,214,209,221,231,205,204,211,181,173,168
823074,6796,3877,2782,2165,1850,1521,1273,1123,1005,891,812,749,748,675,662,617,550,539,451,429,468,432,438,371,364,366,353,323,341,322,312,289,258,293,252,228,265,242,230,207,220,217,206,236,199,221,206,200,196
813513,6682,3979,2856,2151,1729,1484,1309,1181,1007,913,827,788,636,668,615,567,513,513,478,450,470,427,437,398,397,372,348,322,331,299,295,292,269,278,273,261,268,240,226,237,204,215,227,217,201,201,205,233,210
802339,6877,3947,2915,2092,1767,1547,1296,1127,1038,921,821,751,691,655,634,568,564,490,501,514,444,446,414,398,394,333,359,348,334,318,318,290,298,267,258,270,242,250,240,236,235,205,214,227,176,216,177,205,196
791798,6796,4077,2932,2254,1792,1542,1309,1124,1067,909,838,782,724,663,612,608,564,526,518,479,446,468,388,406,384,378,331,355,334,314,291,288,294,270,247,287,265,250,248,243,216,265,233,215,215,197,200,213,179
780714,6942,4100,2763,2160,1791,1618,1291,1113,1026,914,856,826,761,675,626,597,583,562,523,487,470,455,398,374,375,402,349,338,306,344,342,300,260,299,271,254,249,235,260,224,231,231,211,228,214,202,221,197,202
769886,7006,4032,2886,2108,1726,1487,1333,1147,1050,972,920,743,746,668,637,584,560,520,491,489,473,439,448,396,398,407,361,371,303,311,321,322,301,275,242,309,249,251,271,250,225,268,215,219,212,194,203,219,214
759276,6918,4054,2817,2175,1816,1637,1319,1182,1006,1004,894,840,764,645,635,618,560,532,516,479,459,442,447,414,358,353,367,323,331,320,300,318,281,266,255,281,280,255,267,243,229,238,202,203,229,226,210,201,204
747691,7096,4038,2850,2220,1837,1550,1352,1231,1027,960,901,789,764,666,665,645,578,535,544,469,452,450,444,412,393,354,339,351,337,304,307,306,317,305,265,250,254,243,248,253,225,216,229,239,237,196,202,220,172
736911,7112,4131,2927,2170,1888,1463,1369,1224,1065,950,837,761,765,716,652,620,572,545,465,499,492,451,399,405,398,374,366,352,336,314,323,310,284,277,310,322,273,292,253,232,222,282,257,210,227,222,212,197,195
725498,7089,4204,2855,2289,1859,1519,1395,1177,1109,914,891,749,757,697,660,603,612,562,539,549,474,415,394,396,375,358,371,363,359,308,338,321,309,277,273,271,275,280,258,254,258,226,216,220,214,208,241,221,208
713238,7121,4139,2858,2322,1886,1603,1332,1118,1068,925,903,883,761,733,637,670,603,543,539,465,499,487,463,419,392,393,363,326,390,342,351,307,272,296,274,279,289,295,255,215,247,248,229,199,220,207,213,212,202
760360,7047,4050,2961,2193,1827,1525,1313,1174,1021,980,942,846,755,664,667,644,586,555,517,470,484,433,406,406,375,368,356,365,337,320,314,300,302,318,290,275,269,254,241,241,216,231,228,219,213,215,215,195,216
757845,7015,4021,3036,2281,1869,1568,1361,1143,1017,918,860,758,706,675,616,579,511,557,471,429,468,468,438,427,387,401,331,358,335,352,322,306,288,288,263,248,244,237,253,253,218,226,207,208,214,220,198,212,192
750459,6967,4110,2904,2266,1870,1546,1314,1195,1073,965,884,805,706,724,605,594,575,515,505,442,441,467,455,358,389,365,326,348,321,338,321,303,304,275,277,289,287,239,255,247,232,222,234,219,226,245,231,207,199
742735,7128,3959,3055,2338,1865,1574,1385,1166,1137,950,877,785,754,657,658,624,593,548,545,476,475,458,447,417,385,373,365,308,328,305,306,291,298,281,273,284,251,271,261,226,236,249,222,210,227,226,224,210,210
733330,7190,4105,2938,2306,1865,1544,1344,1262,1075,929,876,835,708,661,609,599,553,542,517,511,453,431,384,420,368,343,369,322,336,328,287,335,300,293,284,267,222,253,264,232,244,265,244,231,188,207,203,218,195
722270,7376,4237,2967,2304,1889,1551,1321,1148,1087,930,850,788,757,719,659,626,576,587,511,520,441,430,426,410,407,374,346,339,355,333,317,295,310,297,276,257,255,299,254,231,232,217,230,214,216,237,219,183,207
708825,8250,4479,3143,2448,1918,1663,1422,1281,1096,950,865,837,768,750,646,645,605,549,514,467,462,488,436,435,416,356,368,360,370,327,344,305,319,296,302,303,307,276,268,242,244,246,232,226,218,212,212,219,216
693402,10726,5409,3522,2616,2126,1712,1495,1313,1149,1003,905,867,766,716,649,618,548,563,527,516,481,458,462,421,368,382,354,347,323,361,383,272,302,301,308,277,249,261,255,274,240,253,256,222,234,247,234,224,208
668312,17099,7865,4916,3475,2678,2089,1766,1500,1280,1175,1052,970,873,761,752,678,650,602,628,512,561,519,467,445,427,417,397,379,399,357,352,315,353,294,289,256,271,294,256,233,261,229,250,257,229,220,227,225,209
625156,29819,12998,7867,5355,4016,3178,2569,2196,1791,1626,1415,1300,1159,1037,957,930,785,723,693,623,636,617,544,536,526,469,438,448,427,435,388,392,349,320,330,329,342,317,300,295,285,279,267,240,246,213,237,235,235
552217,50819,23111,13910,9264,6887,5276,4175,3555,2983,2598,2285,2017,1794,1561,1507,1319,1193,1097,988,1005,894,831,848,794,638,675,640,610,582,499,520,564,483,476,456,419,434,399,408,417,394,331,330,333,329,306,316,321,274
440515,75044,36750,22858,15879,11866,9273,7594,6237,5276,4469,3909,3494,3032,2830,2530,2323,2057,1868,1728,1690,1527,1441,1279,1281,1214,1023,968,972,968,917,814,832,785,792,719,618,666,643,642,585,578,602,508,514,491,485,481,434,401
730924,7040,4082,2894,2256,1836,1503,1374,1219,1105,934,855,771,690,677,652,585,556,515,543,499,485,433,438,429,405,368,325,385,361,361,333,330,297,296,272,256,262,276,278,265,263,221,209,224,207,186,226,229,208
726301,7049,4105,2871,2197,1828,1490,1358,1164,1032,962,877,828,774,698,645,636,589,573,510,489,402,454,431,433,406,348,332,357,330,343,334,292,299,269,270,269,286,241,259,282,237,244,228,239,242,211,198,237,186
720260,6949,4111,2835,2302,1903,1613,1314,1249,1054,970,864,800,734,694,661,631,624,561,497,520,438,457,433,410,394,357,348,391,330,331,326,319,317,298,272,259,265,272,249,258,230,218,231,230,198,226,199,176,193
714290,7212,4109,2926,2300,1809,1510,1348,1147,1065,938,821,805,755,657,610,580,581,563,548,523,479,453,411,464,401,358,390,341,356,351,325,328,302,282,284,274,282,267,295,269,261,221,231,240,234,193,196,195,232
708458,7392,4260,2979,2290,1877,1668,1337,1212,996,1066,931,807,787,707,639,579,616,537,480,489,460,470,438,421,403,400,354,347,337,342,308,304,295,304,286,310,304,239,269,250,239,225,246,195,227,204,237,233,192
701563,8042,4322,3062,2261,1855,1573,1352,1307,1095,998,892,821,734,708,667,628,573,547,519,537,482,443,437,419,411,396,341,368,347,323,342,348,285,291,303,287,276,296,252,267,267,276,232,238,237,225,227,221,188
693864,9804,4756,3297,2425,1989,1631,1384,1218,1111,979,857,802,774,681,679,618,609,553,559,496,492,473,438,394,429,368,375,370,342,360,331,326,285,319,305,267,246,295,248,254,248,234,199,251,228,219,206,214,208
678766,14110,6324,3907,2877,2253,1810,1570,1326,1160,1010,966,887,826,784,693,658,610,554,555,524,480,457,434,464,396,434,345,382,366,310,335,309,319,311,348,274,307,265,257,281,282,228,256,232,231,251,194,191,209
658959,21060,9030,5484,3846,2840,2316,1940,1513,1445,1197,1135,1037,882,843,757,697,621,618,596,593,526,528,513,454,387,417,402,405,387,326,351,338,303,307,298,288,327,271,278,239,248,231,253,260,243,230,212,224,212
628747,29929,13292,7790,5334,3921,3112,2577,2064,1866,1618,1397,1178,1135,1048,922,888,742,738,690,701,616,571,532,508,499,439,432,458,411,354,375,366,330,314,325,337,280,283,292,266,265,249,269,257,247,247,210,270,242
590178,40062,18231,11060,7601,5573,4383,3582,2982,2646,2230,1874,1706,1586,1411,1237,1098,1058,941,883,862,797,750,701,700,615,611,590,547,514,537,457,446,453,413,405,390,368,343,372,338,354,312,309,312,277,278,256,232,238
541701,48483,23664,14660,10321,7654,6174,4837,4139,3545,3012,2675,2371,2117,1971,1677,1612,1479,1331,1260,1128,1112,1000,991,807,872,842,793,714,718,618,630,621,555,538,538,517,472,499,476,463,455,458,461,369,405,362,362,364,339
731874,7077,4111,2984,2300,1850,1549,1311,1212,1070,958,846,819,770,748,641,663,551,542,550,466,477,455,425,400,413,357,356,370,296,301,319,304,315,289,262,278,290,272,228,229,223,238,263,243,197,248,196,214,211
725346,7826,4402,3070,2247,1908,1572,1270,1201,1160,951,899,811,737,661,675,581,544,590,524,487,436,447,381,394,397,393,378,335,351,308,317,307,319,271,322,309,265,245,235,246,235,259,235,230,212,212,210,232,195
717342,9052,4620,3181,2331,1907,1612,1343,1285,1069,940,897,859,730,647,670,636,560,524,498,498,505,456,429,460,385,423,354,351,372,348,297,320,286,278,271,257,287,237,261,249,233,232,221,215,221,230,239,214,198
705996,11586,5640,3602,2691,2179,1799,1448,1233,1147,1006,910,870,781,724,646,635,652,551,516,515,500,514,423,425,387,384,389,349,333,344,327,291,306,315,301,288,296,261,261,261,267,242,226,253,234,234,217,199,232
690760,15138,7142,4685,3381,2548,2080,1611,1563,1299,1225,1057,879,892,792,688,723,664,577,529,544,553,466,427,408,384,376,408,412,360,364,347,324,300,307,325,307,254,273,270,265,253,264,258,233,200,220,210,203,210
671631,19345,9427,5904,4243,3101,2664,2160,1843,1598,1424,1246,1184,1023,950,878,799,751,683,632,614,615,520,519,449,461,459,421,453,435,396,367,341,338,359,326,308,308,305,270,270,274,262,263,269,231,250,215,214,242
647314,24242,11980,7655,5418,4231,3386,2829,2305,1993,1797,1567,1417,1278,1143,1101,1009,942,888,785,794,772,677,650,612,583,583,535,498,477,464,469,419,396,399,393,350,387,332,327,297,353,322,283,292,273,282,274,269,249
615882,28952,14670,9401,6953,5253,4286,3538,2954,2766,2303,2038,1828,1686,1472,1444,1268,1192,1114,1009,964,949,862,868,733,706,690,665,633,582,556,531,547,500,520,505,462,430,412,422,417,344,328,376,319,363,343,329,332,310
581622,32739,17272,11323,8207,6394,5244,4402,3777,3295,2911,2555,2340,1988,1833,1804,1603,1489,1337,1250,1248,1163,1033,1002,1017,944,908,812,850,718,748,675,684,680,636,604,573,650,586,501,498,537,446,473,445,468,424,415,403,395
543150,35722,19251,12855,9667,7537,6268,5088,4590,3909,3376,2992,2677,2646,2327,2187,1916,1847,1738,1646,1461,1369,1310,1321,1205,1164,1076,1057,1049,929,938,854,876,820,843,746,736,705,670,690,622,625,629,586,583,567,556,559,496,522
504842,37583,20671,14061,10524,8332,6764,5869,4942,4392,4033,3552,3243,2937,2656,2575,2344,2217,2082,1853,1774,1712,1619,1516,1433,1364,1327,1207,1238,1159,1174,1036,1067,1014,931,947,877,885,827,801,831,785,696,759,709,691,627,617,623,585
466904,37653,21390,14695,10983,8792,7308,6219,5605,4946,4354,3902,3619,3296,3117,2858,2604,2436,2223,2175,2059,1876,1807,1732,1616,1574,1552,1462,1386,1321,1240,1270,1191,1103,1132,1074,1059,1014,954,921,886,899,864,892,798,737,795,773,735,721
791735,6853,4106,2731,2206,1793,1492,1377,1152,990,1025,836,778,768,698,627,571,543,496,536,498,420,404,408,362,382,357,356,354,345,345,284,274,281,305,280,248,241,307,257,246,228,232,219,206,196,219,204,181,201
785522,6922,4058,2862,2217,1832,1520,1295,1212,1030,938,836,770,736,679,624,601,538,547,493,468,426,404,401,364,404,332,316,336,323,340,309,277,293,274,295,256,271,267,259,221,213,229,198,217,221,215,200,187,223
776610,6876,4004,2767,2205,1764,1553,1309,1159,1055,930,852,779,783,675,622,598,568,531,502,490,470,454,404,397,407,387,335,329,317,331,281,297,300,286,271,279,247,236,259,248,228,223,223,202,206,220,207,185,205
767425,6911,4070,2924,2209,1797,1568,1301,1142,1012,993,876,797,738,663,629,559,556,547,506,502,475,428,458,406,362,379,367,350,332,319,329,307,298,262,301,271,253,241,266,272,234,237,220,238,219,200,237,222,184
757751,6973,4038,2806,2173,1792,1490,1321,1213,1068,903,879,838,749,673,640,568,534,516,509,472,428,457,423,416,387,366,381,370,338,338,310,314,258,275,302,266,244,234,249,254,193,260,241,189,207,227,194,200,212
745804,7089,4084,2928,2242,1859,1506,1377,1174,1093,983,888,817,675,721,654,584,556,539,516,471,526,444,441,379,403,334,382,342,343,356,330,306,307,307,288,296,236,260,255,245,256,223,212,216,231,201,216,202,205
734860,7023,4168,2942,2224,1864,1557,1305,1260,1039,943,921,759,712,693,648,649,609,511,507,439,487,435,408,449,387,408,358,357,318,333,334,318,282,289,302,250,277,268,251,242,261,264,225,225,227,201,187,200,206
723433,7346,4256,2924,2315,1887,1582,1383,1246,1115,954,908,781,707,696,642,619,593,575,525,551,484,423,421,411,415,417,338,366,344,337,304,296,317,301,290,282,245,269,233,273,246,230,256,226,233,226,177,213,192
710215,8209,4501,3057,2441,1890,1541,1456,1243,1112,970,902,804,745,720,646,605,573,557,502,477,457,461,462,432,405,352,391,378,311,317,311,325,283,247,283,288,293,281,268,253,257,247,236,234,236,237,222,211,203
695324,10273,5145,3556,2560,2064,1743,1395,1237,1151,1097,922,856,810,720,652,623,600,578,555,548,473,496,457,424,383,359,409,368,332,345,351,292,320,287,292,292,264,272,245,269,251,243,255,226,228,216,246,196,229
673594,15223,7303,4499,3190,2475,2074,1696,1517,1307,1133,1033,983,844,727,718,685,644,608,591,583,463,489,455,450,420,389,383,406,385,328,317,318,290,323,295,268,274,238,242,256,245,266,260,242,259,251,229,230,199
635359,26428,11487,6903,4836,3646,2803,2283,2020,1800,1497,1355,1223,1093,981,917,845,801,738,676,651,601,616,551,545,477,462,489,394,398,426,413,380,378,345,299,322,308,293,302,295,270,249,264,258,254,229,230,224,243